19
-554.8541,777.4479,221.74945,s
-400.71448,462.23718,291.1812,f
-346.208,-338.944,-2.048,f
-188.16858,-222.65134,-1.9616858,f
44.22265,-311.03262,234.71588,f
154.96368,-173.55933,-4.958838,f
431.12088,-499.34067,300.54037,s
211.79628,-298.93167,635.4831,f
-52.743717,-624.5628,524.65094,f
-383.64932,-664.8986,-2.8054795,f
126.00184,-146.6887,140.39215,f
156.23712,120.41205,128.71431,s
231.43912,380.69373,210.81845,s
279.61407,395.19794,124.03076,f
428.19235,688.9167,149.49225,f
322.55676,933.9768,181.9435,f
73.66807,825.2634,140.64352,f
-254.1396,984.4056,213.06209,f
-284.9666,543.4446,-0.68357813,f
